10000000000001010000000000000000001011000011000110100111101111000100010010000100110101111111011001011001001100011000011110100111
-2074226470
00000000000110000000000000000000011011010111111000100111010101001101111000111010011010000010011111000010001110110111110000101011
33886
10000000000101100000000000000000100100111101001100001110011100011001111110011111110110001110011110001010100010011011100010101100
-4574944
00000000000110000000000000000000111110100110011100111100111011100110110100110111000001001001011110001101101001111101011010001101
77496
00000000000001110000000000000000110011010100111100101101010111000111111000110011011000100010100000010110000100001001101001101111
1248347743
00000000000100000000000000000000011110110110010000011010010100001001000001001010001010010111010100010101110100001111100010111001
541379621
10000000000011010000000000000000110011001110100000011101110100100100101000101101001001011010111001111000011010100101010011101001
-1789867053
00000000000010010000000000000000001001100000010011111110011000110110011100001100000011100101001001110010000110001110000001011011
997140852
10000000000001100000000000000000111111001100011111111000000010110100010000010011100011110111001011101010001111101011000100111000
-952258309
10000000000000110000000000000000010010011111011100110011101100000100110101011101001110001010101010101011001101111110000100101111
-80181977
10000000000011100000000000000000011010011111011010101010001001011000111000110011110010001000000000101011000010011100001111110111
-1172377016
